OrderedDict([('wte.weight', tensor([[-0.7324,  1.4626, -2.0296, -0.3101],
        [-1.0661,  1.3910, -1.6624,  0.4501],
        [-1.2942,  0.0612,  0.3976, -0.8710],
        [ 1.2735, -1.1112, -0.6966, -0.2047],
        [-1.2545,  0.5292, -1.3954,  0.7237],
        [ 0.1036,  0.3617,  0.7631,  1.1291],
        [ 0.1230, -0.9888, -0.1192,  3.2822],
        [ 0.3342,  1.7462, -0.1212,  1.6100]])), ('layers.0.ln_1.weight', tensor([1.1759, 1.1222, 1.3016, 1.2902])), ('layers.0.ln_1.bias', tensor([-0.1523,  0.0957, -0.1127,  0.1555])), ('layers.0.attn.c_attn.weight', tensor([[ 0.4010, -0.1414,  0.1337, -0.1395,  0.3655, -0.3916,  0.3530, -0.3980,
         -0.0485,  0.0548,  0.0288,  0.0755],
        [ 0.5732, -0.4274,  0.3540, -0.3361, -0.1025,  0.1705, -0.1818,  0.1931,
         -0.0588,  0.1080,  0.0731,  0.0783],
        [-0.2528, -0.0287,  0.0308, -0.0542, -0.5708,  0.2763, -0.2517,  0.2302,
          0.1982, -0.2010, -0.2317, -0.1849],
        [-0.6567,  0.4621, -0.3969,  0.4076,  0.4601, -0.2371,  0.1965, -0.1838,
         -0.0885,  0.1043,  0.1074,  0.1189]])), ('layers.0.attn.c_attn.bias', tensor([-0.2491,  0.3903, -0.3741,  0.3722,  0.0067, -0.0052,  0.0050, -0.0043,
        -0.0804,  0.0985,  0.1071,  0.0762])), ('layers.0.attn.c_proj.weight', tensor([[-0.0529,  0.0054,  0.1841, -0.0284],
        [ 0.0748, -0.0228, -0.1673,  0.0521],
        [ 0.1040,  0.0219, -0.1776,  0.0665],
        [ 0.0511,  0.0083, -0.2046,  0.0018]])), ('layers.0.attn.c_proj.bias', tensor([ 0.0207, -0.0437, -0.1310,  0.0740])), ('layers.0.ln_2.weight', tensor([1.3247, 1.2727, 1.1743, 1.2479])), ('layers.0.ln_2.bias', tensor([ 0.1078,  0.1979, -0.2010, -0.0153])), ('layers.0.mlp.c_fc.weight', tensor([[-0.1880, -0.1696, -0.1838, -0.0151, -0.1691, -0.0282, -0.1738,  0.4900,
         -0.1832, -0.1996, -0.1961,  0.3891, -0.2263, -0.2712,  0.1897, -0.1650],
        [-0.2049, -0.1539, -0.1967,  0.2970, -0.1877,  0.3173, -0.2023, -0.0356,
         -0.1991, -0.2328, -0.1979,  0.0625,  0.3158,  0.3750,  0.1849, -0.2259],
        [ 0.1338,  0.0997,  0.1367, -0.2254,  0.1314, -0.1755,  0.1315, -0.2081,
          0.0995,  0.1318,  0.1183, -0.1808, -0.2340, -0.2082, -0.2098,  0.0897],
        [ 0.2623,  0.1739,  0.2370,  0.0973,  0.2829,  0.0287,  0.2487, -0.0747,
          0.2349,  0.2422,  0.2435, -0.0156,  0.1711,  0.0647,  0.0293,  0.2128]])), ('layers.0.mlp.c_fc.bias', tensor([-0.0503,  0.0472, -0.0397,  0.2041, -0.0408,  0.2259, -0.0400,  0.2049,
        -0.0514, -0.0390, -0.0390,  0.2115,  0.2356,  0.2208,  0.1962, -0.0557])), ('layers.0.mlp.c_proj.weight', tensor([[ 0.0922,  0.2754,  0.2136, -0.1830],
        [ 0.1400,  0.1513,  0.2064, -0.1931],
        [ 0.1148,  0.2678,  0.2277, -0.1729],
        [ 0.2293, -0.2184, -0.1557,  0.1387],
        [ 0.1246,  0.2461,  0.1866, -0.1949],
        [ 0.2995, -0.2616, -0.1873,  0.1755],
        [ 0.1094,  0.2637,  0.2321, -0.2006],
        [-0.4926, -0.3618, -0.1180,  0.2387],
        [ 0.1366,  0.2637,  0.2047, -0.1760],
        [ 0.0812,  0.2496,  0.1894, -0.1946],
        [ 0.1298,  0.2673,  0.2245, -0.1737],
        [-0.2823, -0.2970, -0.0875,  0.2115],
        [ 0.2541, -0.2462, -0.0181,  0.1148],
        [ 0.3289, -0.2459, -0.1462,  0.1622],
        [ 0.0098, -0.2495, -0.1343,  0.1543],
        [ 0.0851,  0.2161,  0.1618, -0.1850]])), ('layers.0.mlp.c_proj.bias', tensor([-0.0352, -0.1290,  0.0940,  0.1174])), ('layers.1.D', tensor([-0.3718, -0.9087,  0.6920,  0.3775])), ('layers.1.kernel.C', tensor([[[ 0.6841, -0.3257],
         [ 0.2028, -0.1933],
         [-0.1305,  0.3069],
         [ 0.1096, -0.2524],
         [-0.3468, -0.6900],
         [-0.6575, -0.6123],
         [ 0.3898,  0.8989],
         [ 0.0637, -0.0145],
         [-0.8470, -0.0281],
         [-0.3110,  0.9791],
         [ 0.7977, -0.8101],
         [ 1.1884,  1.0579],
         [ 0.5465,  0.3152],
         [-0.2628, -0.4609],
         [ 0.1418, -0.7553],
         [ 1.1216,  1.0237],
         [-0.9549, -0.5252],
         [-0.7794,  0.5324],
         [-0.0909, -0.2845],
         [ 0.0715,  0.6310],
         [ 0.1435,  1.1046],
         [ 0.7090, -0.6472],
         [-0.3412,  0.8414],
         [ 0.4617,  0.6096],
         [-0.8962,  0.1956],
         [ 1.2697,  0.8848],
         [ 0.4720,  0.1813],
         [-0.0203, -0.2331],
         [ 0.1995,  0.4774],
         [ 0.3154,  0.3610],
         [-1.1033, -0.4456],
         [ 0.6131, -0.8472]],

        [[-0.3946,  0.3081],
         [ 0.5550,  0.3080],
         [ 0.5023, -0.6376],
         [ 0.9078,  0.1468],
         [ 0.1158, -0.3905],
         [-1.4082,  0.4808],
         [ 0.4211, -2.0478],
         [ 1.5245, -0.3294],
         [-0.3795,  0.4038],
         [-0.7330, -0.5219],
         [-0.6992,  0.3905],
         [ 0.5800, -1.1141],
         [-0.4022, -0.0057],
         [ 0.6882,  0.9846],
         [-0.1866, -0.2342],
         [ 0.6319, -0.0536],
         [ 0.8139,  0.9721],
         [-0.2697,  0.4642],
         [ 0.7316, -0.0123],
         [ 0.8614, -0.6753],
         [-0.5019,  0.5807],
         [-0.2050, -0.5757],
         [-1.2802,  0.4900],
         [ 0.5084,  0.0429],
         [-0.3088,  0.4426],
         [ 0.2662,  0.1273],
         [ 0.0463,  0.9049],
         [-0.2182, -0.4242],
         [-0.6969,  1.4035],
         [-0.4220,  1.0004],
         [-0.2864,  0.5569],
         [ 1.3842,  1.1486]],

        [[ 0.3034, -1.1360],
         [ 0.0789, -0.0056],
         [ 0.1371,  0.2137],
         [-0.5360,  0.2510],
         [-0.8603, -0.4687],
         [ 0.9309, -0.5653],
         [ 0.2833,  0.6397],
         [ 0.1701, -0.3895],
         [-1.0169, -0.2168],
         [-0.3934,  0.3934],
         [ 0.6725, -0.8534],
         [ 0.7343,  0.3343],
         [ 0.4704,  0.3189],
         [ 0.0543, -0.9605],
         [-0.0320, -0.2585],
         [-0.2568,  0.1234],
         [ 0.8002,  0.1166],
         [ 0.1630,  1.1444],
         [ 0.3146, -0.8275],
         [-0.1351,  1.9888],
         [-0.1617, -2.1893],
         [ 0.8567,  0.4521],
         [-0.3465, -0.5192],
         [ 0.7172,  0.5342],
         [ 0.5482,  0.8621],
         [ 0.6433, -0.3159],
         [-0.5337,  0.2822],
         [ 0.1824, -0.3772],
         [-0.0477,  0.2296],
         [-0.1531,  0.4473],
         [-0.4742,  1.3020],
         [-0.1262, -0.3010]],

        [[-0.1555,  1.8299],
         [ 0.2067,  1.5072],
         [-0.3392, -0.7016],
         [-0.5437,  0.3311],
         [-0.9167,  0.6088],
         [-0.1187,  0.1664],
         [ 1.0973,  0.4794],
         [-0.6314, -1.3059],
         [-0.1940, -0.5511],
         [-1.0807, -0.8873],
         [-0.2409, -0.2543],
         [ 0.1877,  1.1195],
         [ 0.3240,  0.9316],
         [-0.4146, -0.3620],
         [-0.2574, -0.0630],
         [ 0.4843, -0.3108],
         [-0.5413, -0.8680],
         [ 0.1950, -0.1970],
         [ 0.2456,  0.5201],
         [-1.0205, -0.1593],
         [ 0.6620,  0.0945],
         [ 0.2363, -0.3252],
         [-0.8785,  0.2894],
         [ 0.1910,  0.4066],
         [ 0.1222,  0.1314],
         [ 0.9766, -0.0614],
         [-0.9481,  1.8059],
         [-0.2417, -0.4480],
         [-0.0222, -0.5081],
         [-1.1444, -0.7119],
         [ 0.1984, -0.3170],
         [ 0.9656, -1.0721]]])), ('layers.1.kernel.log_dt', tensor([-3.8238, -4.7156, -5.6839, -4.5479])), ('layers.1.kernel.log_A_real', tensor([[-0.7362, -0.7759, -0.5982, -0.6039, -0.7521, -0.7813, -0.6346, -0.5144,
         -0.5913, -0.6082, -0.5447, -0.6391, -0.6197, -0.5753, -0.6756, -0.6188,
         -0.5709, -0.6669, -0.6005, -0.7481, -0.7458, -0.5986, -0.7063, -0.7341,
         -0.6245, -0.7672, -0.7554, -0.5711, -0.7113, -0.7866, -0.5467, -0.6601],
        [-0.5432, -0.7600, -0.7832, -0.4553, -0.3856, -0.7605, -0.5932, -0.7929,
         -0.7632, -0.6613, -0.6022, -0.8947, -0.8421, -0.4797, -0.5936, -0.7101,
         -0.3898, -0.6946, -0.3797, -0.4367, -0.7691, -0.6232, -0.6790, -0.6431,
         -0.6239, -0.5303, -0.7568, -0.5112, -0.6383, -0.4717, -0.5501, -0.3779],
        [-0.6369, -0.6424, -0.6187, -0.7074, -0.6771, -0.6672, -0.7132, -0.6837,
         -0.6390, -0.7122, -0.6797, -0.6590, -0.6362, -0.7191, -0.7655, -0.7019,
         -0.6265, -0.5975, -0.6453, -0.6736, -0.6365, -0.5497, -0.5984, -0.6882,
         -0.8925, -0.5218, -0.6246, -0.3999, -0.5317, -0.3905, -0.2176, -0.7674],
        [-0.5946, -0.5825, -0.7668, -0.7052, -0.7959, -0.7581, -0.6999, -0.4322,
         -0.5869, -0.6929, -0.5579, -0.8790, -0.4932, -1.0907, -1.3585, -0.2134,
         -0.2373, -0.9150, -0.3718, -0.9140, -0.7425, -0.6770, -0.4461, -0.5954,
         -0.5133, -0.5296, -0.8087, -0.5333, -0.5563, -0.7178, -0.5161, -0.4183]])), ('layers.1.kernel.A_imag', tensor([[ 6.5297e-02,  3.0883e+00,  6.2094e+00,  9.0844e+00,  1.2193e+01,
          1.5153e+01,  1.8320e+01,  2.1445e+01,  2.4290e+01,  2.7602e+01,
          3.0578e+01,  3.3590e+01,  3.6770e+01,  3.9668e+01,  4.2752e+01,
          4.5912e+01,  4.8755e+01,  5.1885e+01,  5.4913e+01,  5.7975e+01,
          6.1060e+01,  6.4177e+01,  6.7056e+01,  7.0221e+01,  7.3205e+01,
          7.6358e+01,  7.9464e+01,  8.2495e+01,  8.5390e+01,  8.8515e+01,
          9.1620e+01,  9.4790e+01],
        [-1.9077e-01,  2.9148e+00,  5.8931e+00,  9.0846e+00,  1.2124e+01,
          1.4923e+01,  1.8509e+01,  2.1224e+01,  2.4521e+01,  2.7304e+01,
          3.0301e+01,  3.3679e+01,  3.7109e+01,  3.9874e+01,  4.2604e+01,
          4.5794e+01,  4.8753e+01,  5.2274e+01,  5.5081e+01,  5.8128e+01,
          6.0885e+01,  6.4147e+01,  6.7179e+01,  7.0214e+01,  7.3381e+01,
          7.6334e+01,  7.9564e+01,  8.2368e+01,  8.5369e+01,  8.8589e+01,
          9.1995e+01,  9.4881e+01],
        [-4.0974e-02,  3.0681e+00,  6.1539e+00,  9.1191e+00,  1.2180e+01,
          1.5313e+01,  1.8301e+01,  2.1423e+01,  2.4459e+01,  2.7477e+01,
          3.0534e+01,  3.3599e+01,  3.6616e+01,  3.9660e+01,  4.2715e+01,
          4.5797e+01,  4.8806e+01,  5.1967e+01,  5.4819e+01,  5.8188e+01,
          6.0867e+01,  6.4302e+01,  6.6954e+01,  7.0551e+01,  7.3569e+01,
          7.6677e+01,  7.8950e+01,  8.2812e+01,  8.5062e+01,  8.8118e+01,
          9.1233e+01,  9.5186e+01],
        [-8.3794e-02,  2.9740e+00,  6.1691e+00,  9.2585e+00,  1.2322e+01,
          1.5419e+01,  1.8595e+01,  2.1406e+01,  2.4546e+01,  2.7461e+01,
          3.0381e+01,  3.3243e+01,  3.6176e+01,  4.0053e+01,  4.2608e+01,
          4.5967e+01,  4.8833e+01,  5.1898e+01,  5.4984e+01,  5.7750e+01,
          6.1363e+01,  6.4338e+01,  6.7167e+01,  7.0071e+01,  7.3132e+01,
          7.6107e+01,  7.9650e+01,  8.2226e+01,  8.5504e+01,  8.8522e+01,
          9.1528e+01,  9.4765e+01]])), ('layers.1.output_linear.0.weight', tensor([[[-0.4387],
         [-0.5714],
         [-0.3841],
         [-0.3090]],

        [[-0.2827],
         [-0.5813],
         [-0.1354],
         [-0.3611]],

        [[ 0.0810],
         [ 0.2725],
         [ 0.3597],
         [-0.1680]],

        [[-0.1988],
         [ 0.4481],
         [-0.3872],
         [-0.4069]],

        [[-0.2681],
         [ 0.7004],
         [ 0.3429],
         [-0.4866]],

        [[ 0.5068],
         [-0.4630],
         [-0.1489],
         [-0.4928]],

        [[ 0.5247],
         [ 0.6111],
         [ 0.3744],
         [ 0.1630]],

        [[-0.2937],
         [ 0.2182],
         [-0.0379],
         [-0.3948]]])), ('layers.1.output_linear.0.bias', tensor([-0.3163,  0.1455, -0.3858, -0.3777,  0.4930, -0.5061,  0.1375,  0.4511])), ('s4_norms.0.weight', tensor([0.8838, 0.8992, 1.0968, 1.0127])), ('s4_norms.0.bias', tensor([-0.1923, -0.1066,  0.2083,  0.1876])), ('ln_f.weight', tensor([1.4752, 1.4322, 1.2134, 1.7868])), ('ln_f.bias', tensor([-0.2810, -0.7406,  0.3369, -0.5215])), ('lm_head.weight', tensor([[-0.7324,  1.4626, -2.0296, -0.3101],
        [-1.0661,  1.3910, -1.6624,  0.4501],
        [-1.2942,  0.0612,  0.3976, -0.8710],
        [ 1.2735, -1.1112, -0.6966, -0.2047],
        [-1.2545,  0.5292, -1.3954,  0.7237],
        [ 0.1036,  0.3617,  0.7631,  1.1291],
        [ 0.1230, -0.9888, -0.1192,  3.2822],
        [ 0.3342,  1.7462, -0.1212,  1.6100]]))])